$molecule
0 1
@H 27.15623700 28.78700600 30.61688400
@H 27.15623700 26.63799400 35.32688400
@H 23.75123700 28.78700600 30.61311600
@H 23.75123700 26.63799400 35.32311600
@H 20.51376300 22.94299400 35.32311600
@H 20.51376300 25.09200600 30.61311600
@H 23.91876300 22.94299400 35.32688400
@H 23.91876300 25.09200600 30.61688400
@H 21.95612100 27.74353800 28.99570200
@H 21.95612100 27.68146200 33.70570200
@H 25.36112100 27.74353800 32.23429800
@H 25.36112100 27.68146200 36.94429800
@H 25.71387900 23.98646200 36.94429800
@H 25.71387900 24.04853800 32.23429800
@H 22.30887900 23.98646200 33.70570200
@H 22.30887900 24.04853800 28.99570200
@H 25.63284000 23.18316900 29.84350200
@H 25.63284000 24.85183100 34.55350200
@H 22.22784000 23.18316900 31.38649800
@H 22.22784000 24.85183100 36.09649800
@H 22.03716000 28.54683100 36.09649800
@H 22.03716000 26.87816900 31.38649800
@H 25.44216000 28.54683100 34.55350200
@H 25.44216000 26.87816900 29.84350200
H 27.15623700 28.78700600 40.03688400
@H 27.15623700 26.63799400 44.74688400
@H 23.75123700 28.78700600 40.03311600
@H 23.75123700 26.63799400 44.74311600
@H 20.51376300 22.94299400 44.74311600
@H 20.51376300 25.09200600 40.03311600
@H 23.91876300 22.94299400 44.74688400
@H 23.91876300 25.09200600 40.03688400
@H 21.95612100 27.74353800 38.41570200
@H 21.95612100 27.68146200 43.12570200
@H 25.36112100 27.74353800 41.65429800
@H 25.36112100 27.68146200 46.36429800
@H 25.71387900 23.98646200 46.36429800
@H 25.71387900 24.04853800 41.65429800
@H 22.30887900 23.98646200 43.12570200
@H 22.30887900 24.04853800 38.41570200
@H 25.63284000 23.18316900 39.26350200
@H 25.63284000 24.85183100 43.97350200
@H 22.22784000 23.18316900 40.80649800
@H 22.22784000 24.85183100 45.51649800
@H 22.03716000 28.54683100 45.51649800
@H 22.03716000 26.87816900 40.80649800
@H 25.44216000 28.54683100 43.97350200
@H 25.44216000 26.87816900 39.26350200
@H 27.15623700 36.17700600 30.61688400
@H 27.15623700 34.02799400 35.32688400
@H 23.75123700 36.17700600 30.61311600
@H 23.75123700 34.02799400 35.32311600
@H 20.51376300 30.33299400 35.32311600
@H 20.51376300 32.48200600 30.61311600
@H 23.91876300 30.33299400 35.32688400
@H 23.91876300 32.48200600 30.61688400
@H 21.95612100 35.13353800 28.99570200
@H 21.95612100 35.07146200 33.70570200
@H 25.36112100 35.13353800 32.23429800
@H 25.36112100 35.07146200 36.94429800
H 25.71387900 31.37646200 36.94429800
@H 25.71387900 31.43853800 32.23429800
@H 22.30887900 31.37646200 33.70570200
@H 22.30887900 31.43853800 28.99570200
@H 25.63284000 30.57316900 29.84350200
@H 25.63284000 32.24183100 34.55350200
@H 22.22784000 30.57316900 31.38649800
@H 22.22784000 32.24183100 36.09649800
@H 22.03716000 35.93683100 36.09649800
@H 22.03716000 34.26816900 31.38649800
@H 25.44216000 35.93683100 34.55350200
@H 25.44216000 34.26816900 29.84350200
@H 27.15623700 36.17700600 40.03688400
@H 27.15623700 34.02799400 44.74688400
@H 23.75123700 36.17700600 40.03311600
@H 23.75123700 34.02799400 44.74311600
@H 20.51376300 30.33299400 44.74311600
@H 20.51376300 32.48200600 40.03311600
@H 23.91876300 30.33299400 44.74688400
@H 23.91876300 32.48200600 40.03688400
@H 21.95612100 35.13353800 38.41570200
@H 21.95612100 35.07146200 43.12570200
@H 25.36112100 35.13353800 41.65429800
@H 25.36112100 35.07146200 46.36429800
@H 25.71387900 31.37646200 46.36429800
@H 25.71387900 31.43853800 41.65429800
@H 22.30887900 31.37646200 43.12570200
@H 22.30887900 31.43853800 38.41570200
H 25.63284000 30.57316900 39.26350200
@H 25.63284000 32.24183100 43.97350200
@H 22.22784000 30.57316900 40.80649800
@H 22.22784000 32.24183100 45.51649800
@H 22.03716000 35.93683100 45.51649800
@H 22.03716000 34.26816900 40.80649800
@H 25.44216000 35.93683100 43.97350200
@H 25.44216000 34.26816900 39.26350200
@H 33.96623700 28.78700600 30.61688400
@H 33.96623700 26.63799400 35.32688400
@H 30.56123700 28.78700600 30.61311600
@H 30.56123700 26.63799400 35.32311600
@H 27.32376300 22.94299400 35.32311600
@H 27.32376300 25.09200600 30.61311600
@H 30.72876300 22.94299400 35.32688400
@H 30.72876300 25.09200600 30.61688400
@H 28.76612100 27.74353800 28.99570200
@H 28.76612100 27.68146200 33.70570200
@H 32.17112100 27.74353800 32.23429800
@H 32.17112100 27.68146200 36.94429800
@H 32.52387900 23.98646200 36.94429800
@H 32.52387900 24.04853800 32.23429800
@H 29.11887900 23.98646200 33.70570200
@H 29.11887900 24.04853800 28.99570200
@H 32.44284000 23.18316900 29.84350200
@H 32.44284000 24.85183100 34.55350200
@H 29.03784000 23.18316900 31.38649800
@H 29.03784000 24.85183100 36.09649800
H 28.84716000 28.54683100 36.09649800
@H 28.84716000 26.87816900 31.38649800
@H 32.25216000 28.54683100 34.55350200
@H 32.25216000 26.87816900 29.84350200
@H 33.96623700 28.78700600 40.03688400
@H 33.96623700 26.63799400 44.74688400
@H 30.56123700 28.78700600 40.03311600
@H 30.56123700 26.63799400 44.74311600
@H 27.32376300 22.94299400 44.74311600
@H 27.32376300 25.09200600 40.03311600
@H 30.72876300 22.94299400 44.74688400
@H 30.72876300 25.09200600 40.03688400
H 28.76612100 27.74353800 38.41570200
@H 28.76612100 27.68146200 43.12570200
@H 32.17112100 27.74353800 41.65429800
@H 32.17112100 27.68146200 46.36429800
@H 32.52387900 23.98646200 46.36429800
@H 32.52387900 24.04853800 41.65429800
@H 29.11887900 23.98646200 43.12570200
@H 29.11887900 24.04853800 38.41570200
@H 32.44284000 23.18316900 39.26350200
@H 32.44284000 24.85183100 43.97350200
@H 29.03784000 23.18316900 40.80649800
@H 29.03784000 24.85183100 45.51649800
@H 28.84716000 28.54683100 45.51649800
@H 28.84716000 26.87816900 40.80649800
@H 32.25216000 28.54683100 43.97350200
@H 32.25216000 26.87816900 39.26350200
@H 33.96623700 36.17700600 30.61688400
@H 33.96623700 34.02799400 35.32688400
@H 30.56123700 36.17700600 30.61311600
@H 30.56123700 34.02799400 35.32311600
H 27.32376300 30.33299400 35.32311600
@H 27.32376300 32.48200600 30.61311600
@H 30.72876300 30.33299400 35.32688400
@H 30.72876300 32.48200600 30.61688400
@H 28.76612100 35.13353800 28.99570200
@H 28.76612100 35.07146200 33.70570200
@H 32.17112100 35.13353800 32.23429800
@H 32.17112100 35.07146200 36.94429800
@H 32.52387900 31.37646200 36.94429800
@H 32.52387900 31.43853800 32.23429800
@H 29.11887900 31.37646200 33.70570200
@H 29.11887900 31.43853800 28.99570200
@H 32.44284000 30.57316900 29.84350200
@H 32.44284000 32.24183100 34.55350200
@H 29.03784000 30.57316900 31.38649800
@H 29.03784000 32.24183100 36.09649800
@H 28.84716000 35.93683100 36.09649800
@H 28.84716000 34.26816900 31.38649800
@H 32.25216000 35.93683100 34.55350200
@H 32.25216000 34.26816900 29.84350200
@H 33.96623700 36.17700600 40.03688400
@H 33.96623700 34.02799400 44.74688400
@H 30.56123700 36.17700600 40.03311600
@H 30.56123700 34.02799400 44.74311600
@H 27.32376300 30.33299400 44.74311600
@H 27.32376300 32.48200600 40.03311600
@H 30.72876300 30.33299400 44.74688400
@H 30.72876300 32.48200600 40.03688400
@H 28.76612100 35.13353800 38.41570200
@H 28.76612100 35.07146200 43.12570200
@H 32.17112100 35.13353800 41.65429800
@H 32.17112100 35.07146200 46.36429800
@H 32.52387900 31.37646200 46.36429800
@H 32.52387900 31.43853800 41.65429800
@H 29.11887900 31.37646200 43.12570200
@H 29.11887900 31.43853800 38.41570200
@H 32.44284000 30.57316900 39.26350200
@H 32.44284000 32.24183100 43.97350200
@H 29.03784000 30.57316900 40.80649800
@H 29.03784000 32.24183100 45.51649800
@H 28.84716000 35.93683100 45.51649800
@H 28.84716000 34.26816900 40.80649800
@H 32.25216000 35.93683100 43.97350200
@H 32.25216000 34.26816900 39.26350200
@C 27.19301100 29.11142700 29.57220600
@C 27.19301100 26.31357300 34.28220600
@C 23.78801100 29.11142700 31.65779400
@C 23.78801100 26.31357300 36.36779400
@C 20.47698900 22.61857300 36.36779400
@C 20.47698900 25.41642700 31.65779400
@C 23.88198900 22.61857300 34.28220600
@C 23.88198900 25.41642700 29.57220600
@C 21.28806000 28.54239700 28.68107400
@C 21.28806000 26.88260300 33.39107400
@C 24.69306000 28.54239700 32.54892600
@C 24.69306000 26.88260300 37.25892600
@C 26.38194000 23.18760300 37.25892600
@C 26.38194000 24.84739700 32.54892600
@C 22.97694000 23.18760300 33.39107400
@C 22.97694000 24.84739700 28.68107400
@C 26.33767500 22.73903000 29.16243600
@C 26.33767500 25.29597000 33.87243600
@C 22.93267500 22.73903000 32.06756400
@C 22.93267500 25.29597000 36.77756400
@C 21.33232500 28.99097000 36.77756400
@C 21.33232500 26.43403000 32.06756400
@C 24.73732500 28.99097000 33.87243600
@C 24.73732500 26.43403000 29.16243600
C 27.19301100 29.11142700 38.99220600
@C 27.19301100 26.31357300 43.70220600
@C 23.78801100 29.11142700 41.07779400
@C 23.78801100 26.31357300 45.78779400
@C 20.47698900 22.61857300 45.78779400
@C 20.47698900 25.41642700 41.07779400
@C 23.88198900 22.61857300 43.70220600
@C 23.88198900 25.41642700 38.99220600
@C 21.28806000 28.54239700 38.10107400
@C 21.28806000 26.88260300 42.81107400
@C 24.69306000 28.54239700 41.96892600
@C 24.69306000 26.88260300 46.67892600
@C 26.38194000 23.18760300 46.67892600
@C 26.38194000 24.84739700 41.96892600
@C 22.97694000 23.18760300 42.81107400
@C 22.97694000 24.84739700 38.10107400
@C 26.33767500 22.73903000 38.58243600
@C 26.33767500 25.29597000 43.29243600
@C 22.93267500 22.73903000 41.48756400
@C 22.93267500 25.29597000 46.19756400
@C 21.33232500 28.99097000 46.19756400
@C 21.33232500 26.43403000 41.48756400
@C 24.73732500 28.99097000 43.29243600
@C 24.73732500 26.43403000 38.58243600
@C 27.19301100 36.50142700 29.57220600
@C 27.19301100 33.70357300 34.28220600
@C 23.78801100 36.50142700 31.65779400
@C 23.78801100 33.70357300 36.36779400
@C 20.47698900 30.00857300 36.36779400
@C 20.47698900 32.80642700 31.65779400
@C 23.88198900 30.00857300 34.28220600
@C 23.88198900 32.80642700 29.57220600
@C 21.28806000 35.93239700 28.68107400
@C 21.28806000 34.27260300 33.39107400
@C 24.69306000 35.93239700 32.54892600
@C 24.69306000 34.27260300 37.25892600
C 26.38194000 30.57760300 37.25892600
@C 26.38194000 32.23739700 32.54892600
@C 22.97694000 30.57760300 33.39107400
@C 22.97694000 32.23739700 28.68107400
@C 26.33767500 30.12903000 29.16243600
@C 26.33767500 32.68597000 33.87243600
@C 22.93267500 30.12903000 32.06756400
@C 22.93267500 32.68597000 36.77756400
@C 21.33232500 36.38097000 36.77756400
@C 21.33232500 33.82403000 32.06756400
@C 24.73732500 36.38097000 33.87243600
@C 24.73732500 33.82403000 29.16243600
@C 27.19301100 36.50142700 38.99220600
@C 27.19301100 33.70357300 43.70220600
@C 23.78801100 36.50142700 41.07779400
@C 23.78801100 33.70357300 45.78779400
@C 20.47698900 30.00857300 45.78779400
@C 20.47698900 32.80642700 41.07779400
@C 23.88198900 30.00857300 43.70220600
@C 23.88198900 32.80642700 38.99220600
@C 21.28806000 35.93239700 38.10107400
@C 21.28806000 34.27260300 42.81107400
@C 24.69306000 35.93239700 41.96892600
@C 24.69306000 34.27260300 46.67892600
@C 26.38194000 30.57760300 46.67892600
@C 26.38194000 32.23739700 41.96892600
@C 22.97694000 30.57760300 42.81107400
@C 22.97694000 32.23739700 38.10107400
C 26.33767500 30.12903000 38.58243600
@C 26.33767500 32.68597000 43.29243600
@C 22.93267500 30.12903000 41.48756400
@C 22.93267500 32.68597000 46.19756400
@C 21.33232500 36.38097000 46.19756400
@C 21.33232500 33.82403000 41.48756400
@C 24.73732500 36.38097000 43.29243600
@C 24.73732500 33.82403000 38.58243600
@C 34.00301100 29.11142700 29.57220600
@C 34.00301100 26.31357300 34.28220600
@C 30.59801100 29.11142700 31.65779400
@C 30.59801100 26.31357300 36.36779400
@C 27.28698900 22.61857300 36.36779400
@C 27.28698900 25.41642700 31.65779400
@C 30.69198900 22.61857300 34.28220600
@C 30.69198900 25.41642700 29.57220600
@C 28.09806000 28.54239700 28.68107400
@C 28.09806000 26.88260300 33.39107400
@C 31.50306000 28.54239700 32.54892600
@C 31.50306000 26.88260300 37.25892600
@C 33.19194000 23.18760300 37.25892600
@C 33.19194000 24.84739700 32.54892600
@C 29.78694000 23.18760300 33.39107400
@C 29.78694000 24.84739700 28.68107400
@C 33.14767500 22.73903000 29.16243600
@C 33.14767500 25.29597000 33.87243600
@C 29.74267500 22.73903000 32.06756400
@C 29.74267500 25.29597000 36.77756400
C 28.14232500 28.99097000 36.77756400
@C 28.14232500 26.43403000 32.06756400
@C 31.54732500 28.99097000 33.87243600
@C 31.54732500 26.43403000 29.16243600
@C 34.00301100 29.11142700 38.99220600
@C 34.00301100 26.31357300 43.70220600
@C 30.59801100 29.11142700 41.07779400
@C 30.59801100 26.31357300 45.78779400
@C 27.28698900 22.61857300 45.78779400
@C 27.28698900 25.41642700 41.07779400
@C 30.69198900 22.61857300 43.70220600
@C 30.69198900 25.41642700 38.99220600
C 28.09806000 28.54239700 38.10107400
@C 28.09806000 26.88260300 42.81107400
@C 31.50306000 28.54239700 41.96892600
@C 31.50306000 26.88260300 46.67892600
@C 33.19194000 23.18760300 46.67892600
@C 33.19194000 24.84739700 41.96892600
@C 29.78694000 23.18760300 42.81107400
@C 29.78694000 24.84739700 38.10107400
@C 33.14767500 22.73903000 38.58243600
@C 33.14767500 25.29597000 43.29243600
@C 29.74267500 22.73903000 41.48756400
@C 29.74267500 25.29597000 46.19756400
@C 28.14232500 28.99097000 46.19756400
@C 28.14232500 26.43403000 41.48756400
@C 31.54732500 28.99097000 43.29243600
@C 31.54732500 26.43403000 38.58243600
@C 34.00301100 36.50142700 29.57220600
@C 34.00301100 33.70357300 34.28220600
@C 30.59801100 36.50142700 31.65779400
@C 30.59801100 33.70357300 36.36779400
C 27.28698900 30.00857300 36.36779400
@C 27.28698900 32.80642700 31.65779400
@C 30.69198900 30.00857300 34.28220600
@C 30.69198900 32.80642700 29.57220600
@C 28.09806000 35.93239700 28.68107400
@C 28.09806000 34.27260300 33.39107400
@C 31.50306000 35.93239700 32.54892600
@C 31.50306000 34.27260300 37.25892600
@C 33.19194000 30.57760300 37.25892600
@C 33.19194000 32.23739700 32.54892600
@C 29.78694000 30.57760300 33.39107400
@C 29.78694000 32.23739700 28.68107400
@C 33.14767500 30.12903000 29.16243600
@C 33.14767500 32.68597000 33.87243600
@C 29.74267500 30.12903000 32.06756400
@C 29.74267500 32.68597000 36.77756400
@C 28.14232500 36.38097000 36.77756400
@C 28.14232500 33.82403000 32.06756400
@C 31.54732500 36.38097000 33.87243600
@C 31.54732500 33.82403000 29.16243600
@C 34.00301100 36.50142700 38.99220600
@C 34.00301100 33.70357300 43.70220600
@C 30.59801100 36.50142700 41.07779400
@C 30.59801100 33.70357300 45.78779400
@C 27.28698900 30.00857300 45.78779400
@C 27.28698900 32.80642700 41.07779400
@C 30.69198900 30.00857300 43.70220600
@C 30.69198900 32.80642700 38.99220600
@C 28.09806000 35.93239700 38.10107400
@C 28.09806000 34.27260300 42.81107400
@C 31.50306000 35.93239700 41.96892600
@C 31.50306000 34.27260300 46.67892600
@C 33.19194000 30.57760300 46.67892600
@C 33.19194000 32.23739700 41.96892600
@C 29.78694000 30.57760300 42.81107400
@C 29.78694000 32.23739700 38.10107400
@C 33.14767500 30.12903000 38.58243600
@C 33.14767500 32.68597000 43.29243600
@C 29.74267500 30.12903000 41.48756400
@C 29.74267500 32.68597000 46.19756400
@C 28.14232500 36.38097000 46.19756400
@C 28.14232500 33.82403000 41.48756400
@C 31.54732500 36.38097000 43.29243600
@C 31.54732500 33.82403000 38.58243600
$end

$rem
jobtype sp
method pbe
dft_d D3_BJ
thresh 14

basis cc-pvtz
AUX_BASIS_J cc-pvtz-jk
input_bohr false

max_scf_cycles 250
mem_total 100000
mem_static 50000
scf_algorithm gdm

!scf_guess            hcore
!scf_print            10
!GUI                  2
!USE_LIBQINTS         true

scf_convergence      5
xc_grid              1 !000099000590
$end
